#	alphaticr.alphaticr	alphaticr.aromatic	alphaticr.postivecharger	alphaticr.negativecharger	alphaticr.uncharger	aromatic.alphaticr	aromatic.aromatic	aromatic.postivecharger	aromatic.negativecharger	aromatic.uncharger	postivecharger.alphaticr	postivecharger.aromatic	postivecharger.postivecharger	postivecharger.negativecharger	postivecharger.uncharger	negativecharger.alphaticr	negativecharger.aromatic	negativecharger.postivecharger	negativecharger.negativecharger	negativecharger.uncharger	uncharger.alphaticr	uncharger.aromatic	uncharger.postivecharger	uncharger.negativecharger	uncharger.uncharger
3EML_1|Chain	0.23203285420944558	0.04722792607802875	0.055441478439425054	0.02053388090349076	0.09650924024640657	0.04106776180698152	0.012320328542094456	0.01642710472279261	0.01026694045174538	0.024640657084188913	0.049281314168377825	0.008213552361396304	0.028747433264887063	0.012320328542094456	0.03285420944558522	0.03490759753593429	0.004106776180698152	0.006160164271047228	0.014373716632443531	0.01026694045174538	0.0944558521560575	0.03285420944558522	0.026694045174537988	0.01026694045174538	0.07802874743326489
2HZI_1|Chains	0.15217391304347827	0.03985507246376811	0.057971014492753624	0.05434782608695652	0.06884057971014493	0.050724637681159424	0.0036231884057971015	0.007246376811594203	0.025362318840579712	0.036231884057971016	0.028985507246376812	0.018115942028985508	0.021739130434782608	0.025362318840579712	0.036231884057971016	0.057971014492753624	0.021739130434782608	0.025362318840579712	0.007246376811594203	0.03260869565217391	0.07971014492753623	0.03985507246376811	0.018115942028985508	0.03260869565217391	0.057971014492753624
3BKL_1|Chain	0.11864406779661017	0.03389830508474576	0.04915254237288136	0.03898305084745763	0.11186440677966102	0.030508474576271188	0.013559322033898305	0.01864406779661017	0.015254237288135594	0.04067796610169491	0.04576271186440678	0.01694915254237288	0.01864406779661017	0.020338983050847456	0.02711864406779661	0.05593220338983051	0.01694915254237288	0.013559322033898305	0.011864406779661017	0.01864406779661017	0.1	0.03728813559322034	0.030508474576271188	0.030508474576271188	0.0847457627118644
1E66_1|Chain	0.12546125461254612	0.04428044280442804	0.03690036900369004	0.03874538745387454	0.11439114391143912	0.05350553505535055	0.014760147601476014	0.00922509225092251	0.0036900369003690036	0.03874538745387454	0.03505535055350553	0.016605166051660517	0.016605166051660517	0.01845018450184502	0.02952029520295203	0.04428044280442804	0.01107011070110701	0.005535055350553505	0.02214022140221402	0.03136531365313653	0.1014760147601476	0.033210332103321034	0.04797047970479705	0.02952029520295203	0.07749077490774908
2E1W_1|Chain	0.1267605633802817	0.036619718309859155	0.0647887323943662	0.056338028169014086	0.07887323943661972	0.02535211267605634	0.005633802816901409	0.022535211267605635	0.011267605633802818	0.02535211267605634	0.05070422535211268	0.014084507042253521	0.02535211267605634	0.01971830985915493	0.03943661971830986	0.061971830985915494	0.016901408450704224	0.016901408450704224	0.02535211267605634	0.03380281690140845	0.09859154929577464	0.016901408450704224	0.01971830985915493	0.04225352112676056	0.0647887323943662
2OI0_1|Chain	0.1320754716981132	0.045283018867924525	0.04905660377358491	0.06037735849056604	0.052830188679245285	0.03018867924528302	0.007547169811320755	0.01509433962264151	0.01509433962264151	0.033962264150943396	0.052830188679245285	0.01509433962264151	0.011320754716981131	0.018867924528301886	0.045283018867924525	0.04905660377358491	0.0037735849056603774	0.026415094339622643	0.018867924528301886	0.045283018867924525	0.07169811320754717	0.03018867924528302	0.045283018867924525	0.03018867924528302	0.09433962264150944
2VT4_1|Chains	0.25	0.04807692307692308	0.035256410256410256	0.022435897435897436	0.11538461538461539	0.057692307692307696	0.009615384615384616	0.016025641025641024	0.003205128205128205	0.02564102564102564	0.04807692307692308	0.009615384615384616	0.04487179487179487	0.016025641025641024	0.009615384615384616	0.022435897435897436	0.009615384615384616	0.01282051282051282	0.00641025641025641	0.01282051282051282	0.08974358974358974	0.035256410256410256	0.022435897435897436	0.016025641025641024	0.060897435897435896
3NY8_1|Chain	0.20449897750511248	0.04703476482617587	0.053169734151329244	0.02044989775051125	0.09611451942740286	0.03680981595092025	0.02044989775051125	0.014314928425357873	0.010224948875255624	0.03680981595092025	0.04703476482617587	0.014314928425357873	0.026584867075664622	0.014314928425357873	0.028629856850715747	0.03885480572597137	0.0081799591002045	0.012269938650306749	0.016359918200409	0.010224948875255624	0.09406952965235174	0.028629856850715747	0.026584867075664622	0.022494887525562373	0.07157464212678936
3CQW_1|Chain	0.1466275659824047	0.020527859237536656	0.06744868035190615	0.03519061583577713	0.08211143695014662	0.03812316715542522	0.020527859237536656	0.008797653958944282	0.017595307917888565	0.02932551319648094	0.05865102639296188	0.020527859237536656	0.017595307917888565	0.03519061583577713	0.02932551319648094	0.04398826979472141	0.02932551319648094	0.02932551319648094	0.02346041055718475	0.03225806451612903	0.06451612903225806	0.02346041055718475	0.03812316715542522	0.0469208211143695	0.04105571847507331
3CQW_2|Chain	0.0	0.0	0.1111111111111111	0.1111111111111111	0.0	0.1111111111111111	0.0	0.0	0.0	0.0	0.0	0.0	0.0	0.0	0.2222222222222222	0.0	0.0	0.0	0.0	0.0	0.0	0.1111111111111111	0.1111111111111111	0.0	0.2222222222222222
3D0E_1|Chains	0.1497005988023952	0.017964071856287425	0.0688622754491018	0.038922155688622756	0.08982035928143713	0.041916167664670656	0.020958083832335328	0.008982035928143712	0.017964071856287425	0.02694610778443114	0.05688622754491018	0.023952095808383235	0.014970059880239521	0.03592814371257485	0.02694610778443114	0.05688622754491018	0.029940119760479042	0.02694610778443114	0.017964071856287425	0.020958083832335328	0.059880239520958084	0.023952095808383235	0.038922155688622756	0.041916167664670656	0.041916167664670656
2HV5_1|Chain	0.17142857142857143	0.025396825396825397	0.047619047619047616	0.0380952380952381	0.09206349206349207	0.01904761904761905	0.0031746031746031746	0.025396825396825397	0.006349206349206349	0.031746031746031744	0.06031746031746032	0.009523809523809525	0.012698412698412698	0.01904761904761905	0.04126984126984127	0.03492063492063492	0.015873015873015872	0.015873015873015872	0.022222222222222223	0.031746031746031744	0.08571428571428572	0.03492063492063492	0.04126984126984127	0.03492063492063492	0.07936507936507936
1L2S_1|Chains	0.16806722689075632	0.04201680672268908	0.058823529411764705	0.03361344537815126	0.1092436974789916	0.0392156862745098	0.014005602240896359	0.0028011204481792717	0.008403361344537815	0.0392156862745098	0.036414565826330535	0.011204481792717087	0.008403361344537815	0.0056022408963585435	0.04201680672268908	0.047619047619047616	0.0028011204481792717	0.008403361344537815	0.008403361344537815	0.014005602240896359	0.11764705882352941	0.03361344537815126	0.025210084033613446	0.025210084033613446	0.09803921568627451
2AM9_1|Chain	0.1471698113207547	0.04150943396226415	0.06415094339622641	0.03773584905660377	0.09056603773584905	0.03773584905660377	0.01509433962264151	0.01509433962264151	0.011320754716981131	0.03018867924528302	0.06415094339622641	0.011320754716981131	0.018867924528301886	0.011320754716981131	0.03773584905660377	0.04150943396226415	0.01509433962264151	0.007547169811320755	0.007547169811320755	0.026415094339622643	0.09056603773584905	0.026415094339622643	0.03773584905660377	0.026415094339622643	0.08679245283018867
1S3B_1|Chains	0.1676300578034682	0.028901734104046242	0.0674373795761079	0.04816955684007707	0.09441233140655106	0.03275529865125241	0.01348747591522158	0.011560693641618497	0.005780346820809248	0.028901734104046242	0.06358381502890173	0.011560693641618497	0.019267822736030827	0.023121387283236993	0.02697495183044316	0.04431599229287091	0.0038535645472061657	0.025048169556840076	0.017341040462427744	0.028901734104046242	0.09826589595375723	0.03468208092485549	0.02119460500963391	0.025048169556840076	0.057803468208092484
3L5D_1|Chains	0.14285714285714285	0.03631961259079903	0.04600484261501211	0.043583535108958835	0.1089588377723971	0.03389830508474576	0.021791767554479417	0.009685230024213076	0.01694915254237288	0.029055690072639227	0.0387409200968523	0.012106537530266344	0.01694915254237288	0.012106537530266344	0.024213075060532687	0.04600484261501211	0.007263922518159807	0.012106537530266344	0.021791767554479417	0.03631961259079903	0.11380145278450363	0.03389830508474576	0.01937046004842615	0.029055690072639227	0.08716707021791767
3D4Q_1|Chains	0.13398692810457516	0.042483660130718956	0.0718954248366013	0.026143790849673203	0.10457516339869281	0.032679738562091505	0.0	0.013071895424836602	0.013071895424836602	0.02287581699346405	0.06209150326797386	0.00980392156862745	0.049019607843137254	0.016339869281045753	0.0457516339869281	0.0457516339869281	0.00980392156862745	0.013071895424836602	0.013071895424836602	0.016339869281045753	0.10130718954248366	0.0196078431372549	0.0392156862745098	0.029411764705882353	0.06862745098039216
1BCD_1|Chain	0.10465116279069768	0.011627906976744186	0.06976744186046512	0.06589147286821706	0.08914728682170543	0.031007751937984496	0.003875968992248062	0.027131782945736434	0.015503875968992248	0.027131782945736434	0.05426356589147287	0.03488372093023256	0.023255813953488372	0.007751937984496124	0.04263565891472868	0.031007751937984496	0.01937984496124031	0.01937984496124031	0.007751937984496124	0.046511627906976744	0.12015503875968993	0.03488372093023256	0.027131782945736434	0.027131782945736434	0.05813953488372093
2CNK_1|Chain	0.10273972602739725	0.0136986301369863	0.0410958904109589	0.06164383561643835	0.11643835616438356	0.02054794520547945	0.00684931506849315	0.0273972602739726	0.00684931506849315	0.00684931506849315	0.0410958904109589	0.00684931506849315	0.02054794520547945	0.0273972602739726	0.07534246575342465	0.07534246575342465	0.00684931506849315	0.0136986301369863	0.02054794520547945	0.0273972602739726	0.0958904109589041	0.03424657534246575	0.0684931506849315	0.03424657534246575	0.04794520547945205
2CNK_2|Chain	0.0784313725490196	0.0392156862745098	0.029411764705882353	0.049019607843137254	0.13725490196078433	0.049019607843137254	0.0392156862745098	0.029411764705882353	0.0196078431372549	0.029411764705882353	0.058823529411764705	0.0	0.029411764705882353	0.0196078431372549	0.029411764705882353	0.049019607843137254	0.029411764705882353	0.00980392156862745	0.0196078431372549	0.00980392156862745	0.08823529411764706	0.058823529411764705	0.049019607843137254	0.00980392156862745	0.0392156862745098
2CNK_3|Chain	0.0	0.0	0.0	0.0	0.0	0.0	0.0	0.0	0.0	0.0	0.0	0.0	0.0	0.0	0.0	0.5	0.0	0.0	0.5	0.0	0.0	0.0	0.0	0.0	0.0
1H00_1|Chain	0.15151515151515152	0.04377104377104377	0.0707070707070707	0.04377104377104377	0.08417508417508418	0.030303030303030304	0.010101010101010102	0.016835016835016835	0.006734006734006734	0.037037037037037035	0.06397306397306397	0.013468013468013467	0.020202020202020204	0.013468013468013467	0.04713804713804714	0.06060606060606061	0.013468013468013467	0.003367003367003367	0.010101010101010102	0.02356902356902357	0.08754208754208755	0.020202020202020204	0.04713804713804714	0.037037037037037035	0.04377104377104377
3BWM_1|Chain	0.19718309859154928	0.018779342723004695	0.04225352112676056	0.07981220657276995	0.0892018779342723	0.028169014084507043	0.0	0.014084507042253521	0.009389671361502348	0.018779342723004695	0.07042253521126761	0.018779342723004695	0.018779342723004695	0.023474178403755867	0.004694835680751174	0.04225352112676056	0.018779342723004695	0.028169014084507043	0.004694835680751174	0.051643192488262914	0.08450704225352113	0.014084507042253521	0.03286384976525822	0.028169014084507043	0.06103286384976526
1R9O_1|Chain	0.12815126050420167	0.029411764705882353	0.06092436974789916	0.04411764705882353	0.09663865546218488	0.04411764705882353	0.008403361344537815	0.01050420168067227	0.0063025210084033615	0.0273109243697479	0.04201680672268908	0.01680672268907563	0.031512605042016806	0.018907563025210083	0.04201680672268908	0.03991596638655462	0.012605042016806723	0.018907563025210083	0.012605042016806723	0.025210084033613446	0.10294117647058823	0.029411764705882353	0.031512605042016806	0.0273109243697479	0.09243697478991597
3NXU_1|Chains	0.1384297520661157	0.03925619834710744	0.049586776859504134	0.04132231404958678	0.09917355371900827	0.05165289256198347	0.006198347107438017	0.008264462809917356	0.012396694214876033	0.024793388429752067	0.04338842975206612	0.012396694214876033	0.03925619834710744	0.024793388429752067	0.026859504132231406	0.04132231404958678	0.008264462809917356	0.008264462809917356	0.010330578512396695	0.045454545454545456	0.09090909090909091	0.0371900826446281	0.04338842975206612	0.024793388429752067	0.07231404958677685
3KRJ_1|Chain	0.16766467065868262	0.03293413173652695	0.059880239520958084	0.02694610778443114	0.08982035928143713	0.041916167664670656	0.0029940119760479044	0.011976047904191617	0.011976047904191617	0.04491017964071856	0.038922155688622756	0.020958083832335328	0.017964071856287425	0.02694610778443114	0.03293413173652695	0.03592814371257485	0.014970059880239521	0.011976047904191617	0.011976047904191617	0.02694610778443114	0.08982035928143713	0.041916167664670656	0.03592814371257485	0.02694610778443114	0.0748502994011976
3ODU_1|Chains	0.1936127744510978	0.05588822355289421	0.0499001996007984	0.029940119760479042	0.09181636726546906	0.04590818363273453	0.017964071856287425	0.013972055888223553	0.011976047904191617	0.033932135728542916	0.05189620758483034	0.015968063872255488	0.015968063872255488	0.00998003992015968	0.031936127744510975	0.03992015968063872	0.007984031936127744	0.013972055888223553	0.017964071856287425	0.017964071856287425	0.08982035928143713	0.02594810379241517	0.031936127744510975	0.02594810379241517	0.05788423153692615
1LRU_1|Chains	0.15568862275449102	0.017964071856287425	0.0718562874251497	0.10179640718562874	0.08383233532934131	0.017964071856287425	0.0	0.0	0.011976047904191617	0.0	0.11377245508982035	0.0	0.005988023952095809	0.017964071856287425	0.03592814371257485	0.07784431137724551	0.005988023952095809	0.04790419161676647	0.03592814371257485	0.023952095808383235	0.0718562874251497	0.005988023952095809	0.04790419161676647	0.023952095808383235	0.023952095808383235
3FRJ_1|Chains	0.21052631578947367	0.028070175438596492	0.06315789473684211	0.03508771929824561	0.10526315789473684	0.028070175438596492	0.007017543859649123	0.010526315789473684	0.0035087719298245615	0.02456140350877193	0.05263157894736842	0.010526315789473684	0.021052631578947368	0.017543859649122806	0.0456140350877193	0.03508771929824561	0.010526315789473684	0.0035087719298245615	0.017543859649122806	0.021052631578947368	0.11228070175438597	0.017543859649122806	0.05263157894736842	0.014035087719298246	0.05263157894736842
2I78_1|Chains	0.10206896551724139	0.041379310344827586	0.03586206896551724	0.03586206896551724	0.10758620689655173	0.04551724137931035	0.016551724137931035	0.01793103448275862	0.015172413793103448	0.05241379310344828	0.04827586206896552	0.020689655172413793	0.015172413793103448	0.005517241379310344	0.028965517241379312	0.028965517241379312	0.022068965517241378	0.01793103448275862	0.019310344827586208	0.02620689655172414	0.09793103448275862	0.04689655172413793	0.031724137931034485	0.038620689655172416	0.08137931034482758
3PBL_1|Chains	0.19791666666666666	0.05625	0.04583333333333333	0.029166666666666667	0.10208333333333333	0.04375	0.010416666666666666	0.008333333333333333	0.008333333333333333	0.0375	0.05	0.008333333333333333	0.01875	0.010416666666666666	0.025	0.035416666666666666	0.00625	0.010416666666666666	0.0125	0.010416666666666666	0.10416666666666667	0.027083333333333334	0.029166666666666667	0.0125	0.1
3NXO_1|Chain	0.14054054054054055	0.021621621621621623	0.06486486486486487	0.032432432432432434	0.0972972972972973	0.016216216216216217	0.016216216216216217	0.021621621621621623	0.016216216216216217	0.02702702702702703	0.05405405405405406	0.02702702702702703	0.005405405405405406	0.016216216216216217	0.04864864864864865	0.05945945945945946	0.016216216216216217	0.021621621621621623	0.010810810810810811	0.021621621621621623	0.08108108108108109	0.016216216216216217	0.03783783783783784	0.05945945945945946	0.07027027027027027
2RGP_1|Chain	0.16560509554140126	0.025477707006369428	0.06050955414012739	0.06050955414012739	0.09554140127388536	0.044585987261146494	0.0031847133757961785	0.01592356687898089	0.006369426751592357	0.012738853503184714	0.0732484076433121	0.009554140127388535	0.01592356687898089	0.03184713375796178	0.01910828025477707	0.054140127388535034	0.01910828025477707	0.022292993630573247	0.028662420382165606	0.022292993630573247	0.06687898089171974	0.028662420382165606	0.03503184713375796	0.01910828025477707	0.06369426751592357
1SJ0_1|Chain	0.19433198380566802	0.03643724696356275	0.06072874493927125	0.06882591093117409	0.0931174089068826	0.024291497975708502	0.0	0.008097165991902834	0.012145748987854251	0.016194331983805668	0.06882591093117409	0.004048582995951417	0.016194331983805668	0.012145748987854251	0.04048582995951417	0.044534412955465584	0.008097165991902834	0.02834008097165992	0.008097165991902834	0.024291497975708502	0.11740890688259109	0.012145748987854251	0.02834008097165992	0.012145748987854251	0.06072874493927125
2FSZ_1|Chains	0.2163265306122449	0.0326530612244898	0.05714285714285714	0.05714285714285714	0.10612244897959183	0.024489795918367346	0.0	0.00816326530612245	0.012244897959183673	0.00816326530612245	0.06938775510204082	0.004081632653061225	0.0163265306122449	0.0163265306122449	0.02857142857142857	0.06938775510204082	0.004081632653061225	0.0163265306122449	0.004081632653061225	0.02040816326530612	0.09387755102040816	0.012244897959183673	0.036734693877551024	0.02040816326530612	0.0653061224489796
3KL6_1|Chain	0.125	0.029166666666666667	0.0625	0.041666666666666664	0.09583333333333334	0.041666666666666664	0.008333333333333333	0.0125	0.0125	0.025	0.05416666666666667	0.020833333333333332	0.0125	0.025	0.04583333333333333	0.041666666666666664	0.0125	0.020833333333333332	0.0125	0.0375	0.0875	0.029166666666666667	0.05416666666666667	0.03333333333333333	0.058333333333333334
3KL6_2|Chain	0.03571428571428571	0.017857142857142856	0.08928571428571429	0.07142857142857142	0.08928571428571429	0.0	0.0	0.0	0.0	0.05357142857142857	0.07142857142857142	0.0	0.017857142857142856	0.017857142857142856	0.017857142857142856	0.0	0.0	0.017857142857142856	0.017857142857142856	0.08928571428571429	0.17857142857142858	0.03571428571428571	0.017857142857142856	0.017857142857142856	0.14285714285714285
1W7X_1|Chain	0.18181818181818182	0.023715415019762844	0.03557312252964427	0.03162055335968379	0.1422924901185771	0.039525691699604744	0.003952569169960474	0.007905138339920948	0.003952569169960474	0.02766798418972332	0.05928853754940711	0.011857707509881422	0.007905138339920948	0.015810276679841896	0.03162055335968379	0.019762845849802372	0.007905138339920948	0.02766798418972332	0.003952569169960474	0.02766798418972332	0.11067193675889328	0.03557312252964427	0.04743083003952569	0.03162055335968379	0.06324110671936758
1W7X_2|Chain	0.09259259259259259	0.018518518518518517	0.018518518518518517	0.05555555555555555	0.1111111111111111	0.0	0.0	0.0	0.0	0.05555555555555555	0.018518518518518517	0.0	0.037037037037037035	0.018518518518518517	0.05555555555555555	0.037037037037037035	0.018518518518518517	0.037037037037037035	0.0	0.037037037037037035	0.12962962962962962	0.018518518518518517	0.05555555555555555	0.05555555555555555	0.12962962962962962
2NNQ_1|Chain	0.16923076923076924	0.023076923076923078	0.06153846153846154	0.03076923076923077	0.09230769230769231	0.03076923076923077	0.0	0.015384615384615385	0.03076923076923077	0.0	0.06153846153846154	0.007692307692307693	0.038461538461538464	0.015384615384615385	0.038461538461538464	0.05384615384615385	0.015384615384615385	0.023076923076923078	0.038461538461538464	0.023076923076923078	0.06923076923076923	0.03076923076923077	0.023076923076923078	0.038461538461538464	0.06923076923076923
3BZ3_1|Chain	0.13818181818181818	0.03636363636363636	0.06545454545454546	0.04363636363636364	0.08727272727272728	0.05090909090909091	0.0036363636363636364	0.007272727272727273	0.014545454545454545	0.02181818181818182	0.04363636363636364	0.025454545454545455	0.01818181818181818	0.01090909090909091	0.04363636363636364	0.04727272727272727	0.007272727272727273	0.01818181818181818	0.014545454545454545	0.03272727272727273	0.09090909090909091	0.025454545454545455	0.03272727272727273	0.03636363636363636	0.08363636363636363
3C4F_1|Chains	0.1760797342192691	0.03322259136212625	0.059800664451827246	0.04318936877076412	0.07641196013289037	0.029900332225913623	0.0033222591362126247	0.013289036544850499	0.009966777408637873	0.023255813953488372	0.04983388704318937	0.006644518272425249	0.026578073089700997	0.029900332225913623	0.04318936877076412	0.0664451827242525	0.019933554817275746	0.023255813953488372	0.016611295681063124	0.013289036544850499	0.0664451827242525	0.016611295681063124	0.03322259136212625	0.03986710963455149	0.07973421926910298
1J4H_1|Chain	0.14150943396226415	0.02830188679245283	0.07547169811320754	0.04716981132075472	0.10377358490566038	0.02830188679245283	0.0	0.009433962264150943	0.02830188679245283	0.018867924528301886	0.05660377358490566	0.02830188679245283	0.018867924528301886	0.009433962264150943	0.04716981132075472	0.05660377358490566	0.009433962264150943	0.009433962264150943	0.018867924528301886	0.018867924528301886	0.10377358490566038	0.018867924528301886	0.04716981132075472	0.018867924528301886	0.05660377358490566
3E37_1|Chain	0.12433862433862433	0.037037037037037035	0.0291005291005291	0.05555555555555555	0.07936507936507936	0.03439153439153439	0.007936507936507936	0.026455026455026454	0.007936507936507936	0.023809523809523808	0.03439153439153439	0.013227513227513227	0.021164021164021163	0.037037037037037035	0.0291005291005291	0.06878306878306878	0.015873015873015872	0.021164021164021163	0.021164021164021163	0.03439153439153439	0.06084656084656084	0.026455026455026454	0.037037037037037035	0.03968253968253968	0.11375661375661375
3E37_2|Chain	0.15825688073394495	0.03211009174311927	0.045871559633027525	0.034403669724770644	0.11467889908256881	0.03211009174311927	0.011467889908256881	0.009174311926605505	0.013761467889908258	0.03669724770642202	0.034403669724770644	0.013761467889908258	0.009174311926605505	0.016055045871559634	0.0389908256880734	0.045871559633027525	0.006880733944954129	0.01834862385321101	0.013761467889908258	0.022935779816513763	0.11238532110091744	0.0389908256880734	0.02981651376146789	0.03211009174311927	0.0779816513761468
1ZW5_1|Chain	0.16101694915254236	0.0423728813559322	0.0423728813559322	0.062146892655367235	0.09322033898305085	0.03954802259887006	0.01694915254237288	0.014124293785310734	0.005649717514124294	0.03672316384180791	0.0480225988700565	0.014124293785310734	0.022598870056497175	0.01694915254237288	0.01977401129943503	0.06497175141242938	0.011299435028248588	0.014124293785310734	0.01977401129943503	0.031073446327683617	0.0847457627118644	0.02824858757062147	0.031073446327683617	0.03672316384180791	0.0423728813559322
3BQD_1|Chain	0.14566929133858267	0.03543307086614173	0.051181102362204724	0.031496062992125984	0.1220472440944882	0.03543307086614173	0.003937007874015748	0.01968503937007874	0.015748031496062992	0.027559055118110236	0.03937007874015748	0.011811023622047244	0.015748031496062992	0.015748031496062992	0.031496062992125984	0.047244094488188976	0.007874015748031496	0.003937007874015748	0.011811023622047244	0.031496062992125984	0.1141732283464567	0.04330708661417323	0.027559055118110236	0.027559055118110236	0.08267716535433071
3BQD_2|Chain	0.16666666666666666	0.0	0.0	0.0	0.25	0.0	0.0	0.0	0.0	0.0	0.0	0.0	0.0	0.0	0.08333333333333333	0.0	0.0	0.0	0.0	0.0	0.16666666666666666	0.0	0.08333333333333333	0.08333333333333333	0.16666666666666666
2V3F_1|Chains	0.16071428571428573	0.02976190476190476	0.05357142857142857	0.027777777777777776	0.10515873015873016	0.041666666666666664	0.013888888888888888	0.00992063492063492	0.007936507936507936	0.041666666666666664	0.041666666666666664	0.01984126984126984	0.011904761904761904	0.00992063492063492	0.03968253968253968	0.02976190476190476	0.011904761904761904	0.005952380952380952	0.00992063492063492	0.03373015873015873	0.10515873015873016	0.03968253968253968	0.041666666666666664	0.03373015873015873	0.07341269841269842
3KGC_1|Chains	0.16412213740458015	0.03816793893129771	0.05725190839694656	0.07251908396946564	0.08015267175572519	0.04198473282442748	0.011450381679389313	0.011450381679389313	0.011450381679389313	0.015267175572519083	0.05343511450381679	0.019083969465648856	0.022900763358778626	0.015267175572519083	0.04198473282442748	0.04961832061068702	0.011450381679389313	0.015267175572519083	0.007633587786259542	0.04198473282442748	0.09923664122137404	0.011450381679389313	0.04580152671755725	0.019083969465648856	0.04198473282442748
1VSO_1|Chain	0.16015625	0.03515625	0.04296875	0.046875	0.10546875	0.046875	0.0078125	0.01953125	0.01171875	0.01171875	0.0546875	0.01171875	0.015625	0.0234375	0.03515625	0.04296875	0.01953125	0.03125	0.015625	0.015625	0.08203125	0.0234375	0.03125	0.02734375	0.08203125
3MAX_1|Chains	0.1366120218579235	0.030054644808743168	0.06830601092896176	0.04918032786885246	0.08469945355191257	0.03278688524590164	0.02459016393442623	0.01912568306010929	0.01639344262295082	0.03551912568306011	0.0546448087431694	0.01639344262295082	0.02459016393442623	0.00546448087431694	0.04644808743169399	0.0546448087431694	0.02185792349726776	0.00819672131147541	0.01639344262295082	0.01912568306010929	0.09016393442622951	0.03551912568306011	0.0273224043715847	0.03278688524590164	0.04918032786885246
3F07_1|Chains	0.16279069767441862	0.03875968992248062	0.05167958656330749	0.041343669250646	0.10852713178294573	0.03359173126614987	0.0103359173126615	0.00516795865633075	0.007751937984496124	0.041343669250646	0.04392764857881137	0.012919896640826873	0.03875968992248062	0.007751937984496124	0.028423772609819122	0.04909560723514212	0.012919896640826873	0.012919896640826873	0.020671834625323	0.025839793281653745	0.1111111111111111	0.023255813953488372	0.025839793281653745	0.04392764857881137	0.041343669250646
3NF7_1|Chains	0.1813186813186813	0.027472527472527472	0.07142857142857142	0.054945054945054944	0.08241758241758242	0.02197802197802198	0.01098901098901099	0.0	0.0	0.027472527472527472	0.06593406593406594	0.005494505494505495	0.04945054945054945	0.016483516483516484	0.03296703296703297	0.038461538461538464	0.0	0.01098901098901099	0.005494505494505495	0.038461538461538464	0.1043956043956044	0.016483516483516484	0.038461538461538464	0.02197802197802198	0.07692307692307693
1XL2_1|Chains	0.24489795918367346	0.02040816326530612	0.07142857142857142	0.04081632653061224	0.12244897959183673	0.01020408163265306	0.0	0.01020408163265306	0.01020408163265306	0.01020408163265306	0.04081632653061224	0.01020408163265306	0.01020408163265306	0.01020408163265306	0.04081632653061224	0.030612244897959183	0.0	0.0	0.02040816326530612	0.030612244897959183	0.17346938775510204	0.02040816326530612	0.02040816326530612	0.0	0.05102040816326531
3LAN_1|Chains	0.12343470483005367	0.03220035778175313	0.05366726296958855	0.03935599284436494	0.1001788908765653	0.03041144901610018	0.012522361359570662	0.012522361359570662	0.008944543828264758	0.03220035778175313	0.055456171735241505	0.012522361359570662	0.026833631484794274	0.02146690518783542	0.03398926654740608	0.05008944543828265	0.01073345259391771	0.014311270125223614	0.01073345259391771	0.04293381037567084	0.09123434704830054	0.028622540250447227	0.04293381037567084	0.04830053667262969	0.06440071556350627
3CCW_1|Chains	0.20454545454545456	0.020454545454545454	0.05	0.03409090909090909	0.1431818181818182	0.022727272727272728	0.0022727272727272726	0.004545454545454545	0.0022727272727272726	0.015909090909090907	0.05454545454545454	0.006818181818181818	0.020454545454545454	0.01818181818181818	0.029545454545454545	0.04318181818181818	0.006818181818181818	0.011363636363636364	0.006818181818181818	0.025	0.12727272727272726	0.011363636363636364	0.04090909090909091	0.031818181818181815	0.0659090909090909
1UYG_1|Chain	0.13191489361702127	0.03404255319148936	0.04680851063829787	0.059574468085106386	0.09361702127659574	0.03829787234042553	0.00851063829787234	0.0	0.00851063829787234	0.02127659574468085	0.0425531914893617	0.00425531914893617	0.01702127659574468	0.03404255319148936	0.02553191489361702	0.05106382978723404	0.00425531914893617	0.029787234042553193	0.0425531914893617	0.05106382978723404	0.09787234042553192	0.02553191489361702	0.029787234042553193	0.03829787234042553	0.06382978723404255
3F9M_1|Chain	0.15778251599147122	0.023454157782515993	0.05543710021321962	0.06396588486140725	0.09594882729211088	0.023454157782515993	0.0042643923240938165	0.01279317697228145	0.01279317697228145	0.019189765458422176	0.06396588486140725	0.006396588486140725	0.042643923240938165	0.017057569296375266	0.021321961620469083	0.05970149253731343	0.017057569296375266	0.019189765458422176	0.029850746268656716	0.03411513859275053	0.08955223880597014	0.021321961620469083	0.021321961620469083	0.03624733475479744	0.0511727078891258
2OJ9_1|Chain	0.17973856209150327	0.029411764705882353	0.06535947712418301	0.0457516339869281	0.08496732026143791	0.03594771241830065	0.00980392156862745	0.006535947712418301	0.016339869281045753	0.029411764705882353	0.042483660130718956	0.00980392156862745	0.00980392156862745	0.032679738562091505	0.02287581699346405	0.0718954248366013	0.0196078431372549	0.00980392156862745	0.016339869281045753	0.032679738562091505	0.0718954248366013	0.029411764705882353	0.029411764705882353	0.0392156862745098	0.058823529411764705
2ICA_1|Chain	0.14285714285714285	0.027472527472527472	0.06593406593406594	0.027472527472527472	0.09340659340659341	0.04945054945054945	0.0	0.01098901098901099	0.016483516483516484	0.03296703296703297	0.04945054945054945	0.016483516483516484	0.04395604395604396	0.03296703296703297	0.016483516483516484	0.07142857142857142	0.03296703296703297	0.005494505494505495	0.01098901098901099	0.027472527472527472	0.038461538461538464	0.038461538461538464	0.03296703296703297	0.06043956043956044	0.054945054945054944
3LPB_1|Chains	0.11904761904761904	0.02040816326530612	0.061224489795918366	0.04421768707482993	0.09183673469387756	0.04421768707482993	0.01020408163265306	0.013605442176870748	0.013605442176870748	0.02040816326530612	0.061224489795918366	0.017006802721088437	0.023809523809523808	0.034013605442176874	0.034013605442176874	0.03741496598639456	0.023809523809523808	0.027210884353741496	0.01020408163265306	0.04421768707482993	0.07482993197278912	0.030612244897959183	0.04421768707482993	0.04081632653061224	0.05782312925170068
3CJO_1|Chains	0.13387978142076504	0.03278688524590164	0.060109289617486336	0.04644808743169399	0.09562841530054644	0.01092896174863388	0.0	0.00546448087431694	0.01366120218579235	0.0273224043715847	0.04644808743169399	0.0	0.02459016393442623	0.01639344262295082	0.06557377049180328	0.04371584699453552	0.00819672131147541	0.02459016393442623	0.030054644808743168	0.0273224043715847	0.13114754098360656	0.01639344262295082	0.040983606557377046	0.0273224043715847	0.07103825136612021
3G0E_1|Chain	0.15223880597014924	0.03880597014925373	0.05970149253731343	0.03283582089552239	0.10149253731343283	0.04776119402985075	0.0029850746268656717	0.014925373134328358	0.020895522388059702	0.026865671641791045	0.050746268656716415	0.011940298507462687	0.01791044776119403	0.014925373134328358	0.03880597014925373	0.05373134328358209	0.008955223880597015	0.011940298507462687	0.014925373134328358	0.023880597014925373	0.08059701492537313	0.050746268656716415	0.029850746268656716	0.029850746268656716	0.0626865671641791
2B8T_1|Chains	0.1036036036036036	0.02702702702702703	0.04954954954954955	0.06756756756756757	0.0990990990990991	0.04954954954954955	0.013513513513513514	0.013513513513513514	0.0045045045045045045	0.02252252252252252	0.06756756756756757	0.009009009009009009	0.04954954954954955	0.0	0.04954954954954955	0.04054054054054054	0.02252252252252252	0.013513513513513514	0.02252252252252252	0.02702702702702703	0.08558558558558559	0.03153153153153153	0.04954954954954955	0.03153153153153153	0.04954954954954955
2I0E_1|Chains	0.14204545454545456	0.03977272727272727	0.05113636363636364	0.048295454545454544	0.07670454545454546	0.045454545454545456	0.017045454545454544	0.014204545454545454	0.019886363636363636	0.022727272727272728	0.05397727272727273	0.011363636363636364	0.019886363636363636	0.02556818181818182	0.036931818181818184	0.05397727272727273	0.022727272727272728	0.028409090909090908	0.019886363636363636	0.02556818181818182	0.0625	0.028409090909090908	0.03409090909090909	0.036931818181818184	0.0625
2OF2_1|Chain	0.14444444444444443	0.03333333333333333	0.07037037037037037	0.044444444444444446	0.09259259259259259	0.04814814814814815	0.011111111111111112	0.007407407407407408	0.011111111111111112	0.03333333333333333	0.05555555555555555	0.007407407407407408	0.003703703703703704	0.014814814814814815	0.04814814814814815	0.04814814814814815	0.025925925925925925	0.018518518518518517	0.025925925925925925	0.022222222222222223	0.08888888888888889	0.03333333333333333	0.025925925925925925	0.044444444444444446	0.040740740740740744
3CHP_1|Chain	0.12807881773399016	0.03284072249589491	0.04597701149425287	0.041050903119868636	0.10673234811165845	0.03940886699507389	0.0049261083743842365	0.013136288998357963	0.013136288998357963	0.031198686371100164	0.03776683087027915	0.0180623973727422	0.011494252873563218	0.021346469622331693	0.041050903119868636	0.04597701149425287	0.009852216748768473	0.022988505747126436	0.011494252873563218	0.031198686371100164	0.10344827586206896	0.0361247947454844	0.0361247947454844	0.0361247947454844	0.08045977011494253
3M2W_1|Chain	0.1476510067114094	0.03355704697986577	0.07718120805369127	0.030201342281879196	0.07718120805369127	0.026845637583892617	0.003355704697986577	0.006711409395973154	0.013422818791946308	0.030201342281879196	0.06040268456375839	0.013422818791946308	0.020134228187919462	0.02348993288590604	0.04697986577181208	0.04697986577181208	0.016778523489932886	0.02348993288590604	0.016778523489932886	0.02348993288590604	0.08053691275167785	0.013422818791946308	0.040268456375838924	0.0436241610738255	0.08389261744966443
2AA2_1|Chain	0.12773722627737227	0.029197080291970802	0.05474452554744526	0.032846715328467155	0.11678832116788321	0.029197080291970802	0.014598540145985401	0.01824817518248175	0.014598540145985401	0.029197080291970802	0.040145985401459854	0.0072992700729927005	0.014598540145985401	0.01824817518248175	0.040145985401459854	0.032846715328467155	0.010948905109489052	0.0036496350364963502	0.014598540145985401	0.040145985401459854	0.12773722627737227	0.043795620437956206	0.032846715328467155	0.021897810218978103	0.08394160583941605
3LQ8_1|Chain	0.16611295681063123	0.026578073089700997	0.08305647840531562	0.029900332225913623	0.09302325581395349	0.03986710963455149	0.0033222591362126247	0.006644518272425249	0.013289036544850499	0.03322259136212625	0.046511627906976744	0.023255813953488372	0.016611295681063124	0.019933554817275746	0.046511627906976744	0.06312292358803986	0.016611295681063124	0.009966777408637873	0.0033222591362126247	0.013289036544850499	0.07973421926910298	0.029900332225913623	0.036544850498338874	0.03986710963455149	0.059800664451827246
2OJG_1|Chain	0.15303430079155672	0.03430079155672823	0.05804749340369393	0.04221635883905013	0.08970976253298153	0.029023746701846966	0.0079155672823219	0.013192612137203167	0.0158311345646438	0.026385224274406333	0.0633245382585752	0.018469656992084433	0.0316622691292876	0.018469656992084433	0.03430079155672823	0.055408970976253295	0.005277044854881266	0.0158311345646438	0.010554089709762533	0.0316622691292876	0.07387862796833773	0.026385224274406333	0.047493403693931395	0.0316622691292876	0.06596306068601583
2ZDT_1|Chain	0.15151515151515152	0.03581267217630854	0.05234159779614325	0.06060606060606061	0.07713498622589532	0.027548209366391185	0.008264462809917356	0.013774104683195593	0.008264462809917356	0.03581267217630854	0.0440771349862259	0.008264462809917356	0.027548209366391185	0.024793388429752067	0.046831955922865015	0.046831955922865015	0.013774104683195593	0.01928374655647383	0.011019283746556474	0.030303030303030304	0.1046831955922865	0.027548209366391185	0.03856749311294766	0.01928374655647383	0.06611570247933884
2QD9_1|Chain	0.1506849315068493	0.030136986301369864	0.06575342465753424	0.043835616438356165	0.09041095890410959	0.03287671232876712	0.00821917808219178	0.0136986301369863	0.0136986301369863	0.021917808219178082	0.052054794520547946	0.010958904109589041	0.03287671232876712	0.0136986301369863	0.0410958904109589	0.049315068493150684	0.00821917808219178	0.01643835616438356	0.0273972602739726	0.03561643835616438	0.09315068493150686	0.03287671232876712	0.021917808219178082	0.038356164383561646	0.0547945205479452
830C_1|Chains	0.11976047904191617	0.059880239520958084	0.04790419161676647	0.03592814371257485	0.07784431137724551	0.03592814371257485	0.005988023952095809	0.017964071856287425	0.011976047904191617	0.07784431137724551	0.05389221556886228	0.017964071856287425	0.005988023952095809	0.023952095808383235	0.029940119760479042	0.04790419161676647	0.011976047904191617	0.017964071856287425	0.03592814371257485	0.011976047904191617	0.08383233532934131	0.04790419161676647	0.041916167664670656	0.023952095808383235	0.05389221556886228
3EQH_1|Chain	0.15877437325905291	0.027855153203342618	0.06406685236768803	0.06685236768802229	0.08356545961002786	0.03899721448467967	0.005571030640668524	0.002785515320334262	0.005571030640668524	0.016713091922005572	0.055710306406685235	0.008356545961002786	0.027855153203342618	0.016713091922005572	0.03899721448467967	0.06406685236768803	0.016713091922005572	0.013927576601671309	0.013927576601671309	0.022284122562674095	0.08356545961002786	0.011142061281337047	0.03899721448467967	0.027855153203342618	0.08913649025069638
1QW6_1|Chain	0.10023866348448687	0.03818615751789976	0.057279236276849645	0.03818615751789976	0.09785202863961814	0.028639618138424822	0.00954653937947494	0.021479713603818614	0.011933174224343675	0.0405727923627685	0.050119331742243436	0.01909307875894988	0.021479713603818614	0.021479713603818614	0.03579952267303103	0.050119331742243436	0.01909307875894988	0.00954653937947494	0.007159904534606206	0.03579952267303103	0.10023866348448687	0.028639618138424822	0.03818615751789976	0.04295942720763723	0.07637231503579953
1B9V_1|Chain	0.13367609254498714	0.028277634961439587	0.06426735218508997	0.04113110539845758	0.09511568123393316	0.04113110539845758	0.007712082262210797	0.007712082262210797	0.007712082262210797	0.030848329048843187	0.04627249357326478	0.02056555269922879	0.015424164524421594	0.028277634961439587	0.038560411311053984	0.04627249357326478	0.005141388174807198	0.010282776349614395	0.007712082262210797	0.05141388174807198	0.09768637532133675	0.033419023136246784	0.05141388174807198	0.033419023136246784	0.056555269922879174
1KVO_1|Chains	0.07317073170731707	0.008130081300813009	0.04065040650406504	0.008130081300813009	0.12195121951219512	0.032520325203252036	0.016260162601626018	0.024390243902439025	0.0	0.032520325203252036	0.06504065040650407	0.024390243902439025	0.04065040650406504	0.024390243902439025	0.06504065040650407	0.016260162601626018	0.0	0.024390243902439025	0.0	0.024390243902439025	0.06504065040650407	0.056910569105691054	0.08943089430894309	0.032520325203252036	0.11382113821138211
3L3M_1|Chain	0.1346704871060172	0.034383954154727794	0.05730659025787966	0.06017191977077364	0.10315186246418338	0.022922636103151862	0.0057306590257879654	0.014326647564469915	0.017191977077363897	0.017191977077363897	0.06017191977077364	0.014326647564469915	0.02005730659025788	0.011461318051575931	0.045845272206303724	0.06876790830945559	0.008595988538681949	0.008595988538681949	0.0057306590257879654	0.03151862464183381	0.10315186246418338	0.014326647564469915	0.04871060171919771	0.02865329512893983	0.06303724928366762
1UDT_1|Chain	0.15789473684210525	0.02786377708978328	0.030959752321981424	0.04024767801857585	0.11455108359133127	0.018575851393188854	0.006191950464396285	0.01238390092879257	0.015479876160990712	0.030959752321981424	0.03715170278637771	0.009287925696594427	0.04024767801857585	0.021671826625386997	0.043343653250773995	0.05572755417956656	0.015479876160990712	0.018575851393188854	0.009287925696594427	0.021671826625386997	0.1021671826625387	0.02476780185758514	0.04953560371517028	0.034055727554179564	0.06191950464396285
2OYU_1|Chain	0.1335559265442404	0.03672787979966611	0.05509181969949917	0.048414023372287146	0.08180300500834725	0.04674457429048414	0.011686143572621035	0.015025041736227046	0.00667779632721202	0.045075125208681135	0.04340567612687813	0.021702838063439065	0.01335559265442404	0.011686143572621035	0.04006677796327212	0.035058430717863104	0.01669449081803005	0.015025041736227046	0.008347245409015025	0.025041736227045076	0.09682804674457429	0.038397328881469114	0.03171953255425709	0.025041736227045076	0.09682804674457429
3LN1_1|Chains	0.12457337883959044	0.040955631399317405	0.04436860068259386	0.04436860068259386	0.07849829351535836	0.03583617747440273	0.008532423208191127	0.02218430034129693	0.006825938566552901	0.04436860068259386	0.04948805460750853	0.01877133105802048	0.013651877133105802	0.013651877133105802	0.03924914675767918	0.03754266211604096	0.011945392491467578	0.013651877133105802	0.010238907849829351	0.034129692832764506	0.08532423208191127	0.03754266211604096	0.040955631399317405	0.032423208191126277	0.11092150170648464
2OWB_1|Chain	0.1377245508982036	0.02694610778443114	0.0718562874251497	0.03592814371257485	0.11077844311377245	0.038922155688622756	0.008982035928143712	0.0029940119760479044	0.014970059880239521	0.014970059880239521	0.05389221556886228	0.011976047904191617	0.05089820359281437	0.014970059880239521	0.04491017964071856	0.05089820359281437	0.014970059880239521	0.005988023952095809	0.008982035928143712	0.02694610778443114	0.09880239520958084	0.017964071856287425	0.04790419161676647	0.03293413173652695	0.05389221556886228
3BGS_1|Chain	0.1875	0.041666666666666664	0.03819444444444445	0.03819444444444445	0.11805555555555555	0.024305555555555556	0.0	0.017361111111111112	0.024305555555555556	0.027777777777777776	0.0625	0.013888888888888888	0.010416666666666666	0.010416666666666666	0.03125	0.034722222222222224	0.013888888888888888	0.024305555555555556	0.010416666666666666	0.024305555555555556	0.1111111111111111	0.024305555555555556	0.03819444444444445	0.024305555555555556	0.04861111111111111
2P54_1|Chain	0.15789473684210525	0.04887218045112782	0.07894736842105263	0.041353383458646614	0.09774436090225563	0.045112781954887216	0.0	0.007518796992481203	0.011278195488721804	0.015037593984962405	0.06015037593984962	0.011278195488721804	0.011278195488721804	0.018796992481203006	0.041353383458646614	0.06766917293233082	0.011278195488721804	0.015037593984962405	0.007518796992481203	0.022556390977443608	0.09398496240601503	0.011278195488721804	0.03007518796992481	0.041353383458646614	0.05263157894736842
2P54_2|Chain	0.18181818181818182	0.0	0.18181818181818182	0.0	0.09090909090909091	0.0	0.0	0.0	0.0	0.0	0.18181818181818182	0.0	0.2727272727272727	0.0	0.0	0.0	0.0	0.0	0.0	0.0	0.0	0.0	0.0	0.09090909090909091	0.0
2ZNP_1|Chains	0.13818181818181818	0.04727272727272727	0.06181818181818182	0.04	0.10909090909090909	0.04	0.0036363636363636364	0.01818181818181818	0.0036363636363636364	0.02909090909090909	0.05090909090909091	0.01090909090909091	0.01818181818181818	0.025454545454545455	0.04727272727272727	0.05090909090909091	0.014545454545454545	0.01090909090909091	0.0036363636363636364	0.02909090909090909	0.11272727272727273	0.02181818181818182	0.04363636363636364	0.03636363636363636	0.03272727272727273
2GTK_1|Chain	0.14074074074074075	0.037037037037037035	0.07407407407407407	0.040740740740740744	0.1111111111111111	0.044444444444444446	0.0	0.011111111111111112	0.011111111111111112	0.014814814814814815	0.044444444444444446	0.014814814814814815	0.014814814814814815	0.018518518518518517	0.04814814814814815	0.06296296296296296	0.014814814814814815	0.014814814814814815	0.011111111111111112	0.03333333333333333	0.1111111111111111	0.018518518518518517	0.025925925925925925	0.05185185185185185	0.02962962962962963
2GTK_2|Chain	0.2222222222222222	0.0	0.0	0.0	0.2222222222222222	0.0	0.0	0.0	0.0	0.0	0.1111111111111111	0.0	0.1111111111111111	0.0	0.0	0.0	0.0	0.0	0.0	0.0	0.1111111111111111	0.0	0.0	0.0	0.2222222222222222
3KBA_1|Chains	0.16666666666666666	0.031746031746031744	0.05952380952380952	0.023809523809523808	0.12301587301587301	0.031746031746031744	0.011904761904761904	0.015873015873015872	0.003968253968253968	0.027777777777777776	0.04365079365079365	0.007936507936507936	0.011904761904761904	0.015873015873015872	0.03968253968253968	0.031746031746031744	0.011904761904761904	0.003968253968253968	0.011904761904761904	0.027777777777777776	0.12698412698412698	0.027777777777777776	0.031746031746031744	0.031746031746031744	0.07936507936507936
2AZR_1|Chain	0.1174496644295302	0.013422818791946308	0.06040268456375839	0.04697986577181208	0.087248322147651	0.026845637583892617	0.010067114093959731	0.016778523489932886	0.016778523489932886	0.026845637583892617	0.0436241610738255	0.02348993288590604	0.016778523489932886	0.03355704697986577	0.0436241610738255	0.050335570469798654	0.013422818791946308	0.02348993288590604	0.020134228187919462	0.0436241610738255	0.087248322147651	0.03691275167785235	0.0436241610738255	0.03355704697986577	0.06375838926174497
1NJS_1|Chains	0.1875	0.014423076923076924	0.04807692307692308	0.0673076923076923	0.1346153846153846	0.019230769230769232	0.0	0.009615384615384616	0.004807692307692308	0.014423076923076924	0.07211538461538461	0.009615384615384616	0.038461538461538464	0.014423076923076924	0.009615384615384616	0.028846153846153848	0.009615384615384616	0.02403846153846154	0.014423076923076924	0.03365384615384615	0.13942307692307693	0.014423076923076924	0.028846153846153848	0.009615384615384616	0.052884615384615384
1C8K_1|Chain	0.14744351961950058	0.03329369797859691	0.06539833531510107	0.052318668252080855	0.08561236623067776	0.036860879904875146	0.014268727705112961	0.011890606420927468	0.015457788347205707	0.023781212841854936	0.06064209274673008	0.02140309155766944	0.020214030915576695	0.020214030915576695	0.0356718192627824	0.04280618311533888	0.020214030915576695	0.026159334126040427	0.019024970273483946	0.027348394768133173	0.09631391200951249	0.013079667063020214	0.034482758620689655	0.028537455410225922	0.04756242568370987
1D3G_1|Chain	0.21584699453551912	0.02459016393442623	0.07103825136612021	0.04644808743169399	0.09836065573770492	0.02459016393442623	0.00546448087431694	0.00819672131147541	0.00273224043715847	0.01092896174863388	0.060109289617486336	0.01366120218579235	0.0273224043715847	0.01912568306010929	0.03278688524590164	0.05737704918032787	0.00546448087431694	0.02185792349726776	0.01366120218579235	0.01639344262295082	0.09562841530054644	0.00273224043715847	0.0273224043715847	0.03278688524590164	0.06557377049180328
3G6Z_1|Chains	0.16176470588235295	0.041176470588235294	0.03235294117647059	0.029411764705882353	0.12058823529411765	0.041176470588235294	0.011764705882352941	0.014705882352941176	0.020588235294117647	0.026470588235294117	0.03235294117647059	0.011764705882352941	0.023529411764705882	0.008823529411764706	0.014705882352941176	0.041176470588235294	0.014705882352941176	0.0058823529411764705	0.0058823529411764705	0.029411764705882353	0.10588235294117647	0.03529411764705882	0.01764705882352941	0.03235294117647059	0.12058823529411765
2ETR_1|Chains	0.12560386473429952	0.04106280193236715	0.06280193236714976	0.04830917874396135	0.0748792270531401	0.050724637681159424	0.021739130434782608	0.004830917874396135	0.024154589371980676	0.021739130434782608	0.04106280193236715	0.016908212560386472	0.024154589371980676	0.024154589371980676	0.033816425120772944	0.06038647342995169	0.014492753623188406	0.016908212560386472	0.024154589371980676	0.04589371980676329	0.07246376811594203	0.028985507246376812	0.033816425120772944	0.04106280193236715	0.04589371980676329
1MV9_1|Chain	0.1799163179916318	0.029288702928870293	0.058577405857740586	0.07112970711297072	0.0794979079497908	0.02092050209205021	0.008368200836820083	0.0041841004184100415	0.0041841004184100415	0.029288702928870293	0.05439330543933055	0.012552301255230125	0.02092050209205021	0.012552301255230125	0.03765690376569038	0.06276150627615062	0.0041841004184100415	0.02510460251046025	0.008368200836820083	0.03347280334728033	0.100418410041841	0.012552301255230125	0.029288702928870293	0.03765690376569038	0.06276150627615062
1MV9_2|Chain	0.16666666666666666	0.0	0.08333333333333333	0.0	0.08333333333333333	0.0	0.0	0.0	0.0	0.0	0.16666666666666666	0.0	0.25	0.0	0.0	0.0	0.0	0.0	0.0	0.08333333333333333	0.0	0.0	0.0	0.08333333333333333	0.08333333333333333
1LI4_1|Chain	0.1902552204176334	0.030162412993039442	0.06728538283062645	0.05568445475638051	0.10440835266821345	0.025522041763341066	0.002320185614849188	0.016241299303944315	0.009280742459396751	0.018561484918793503	0.06264501160092807	0.025522041763341066	0.01160092807424594	0.009280742459396751	0.02320185614849188	0.058004640371229696	0.002320185614849188	0.018561484918793503	0.016241299303944315	0.027842227378190254	0.10904872389791183	0.013921113689095127	0.018561484918793503	0.03248259860788863	0.05104408352668213
3EL8_1|Chains	0.13333333333333333	0.03508771929824561	0.07368421052631578	0.0456140350877193	0.10175438596491228	0.05263157894736842	0.0035087719298245615	0.007017543859649123	0.007017543859649123	0.031578947368421054	0.05964912280701754	0.014035087719298246	0.014035087719298246	0.02456140350877193	0.017543859649122806	0.04912280701754386	0.021052631578947368	0.014035087719298246	0.014035087719298246	0.03508771929824561	0.09473684210526316	0.028070175438596492	0.021052631578947368	0.042105263157894736	0.05964912280701754
3HMM_1|Chain	0.17218543046357615	0.026490066225165563	0.08609271523178808	0.03642384105960265	0.076158940397351	0.023178807947019868	0.013245033112582781	0.016556291390728478	0.013245033112582781	0.019867549668874173	0.056291390728476824	0.019867549668874173	0.03642384105960265	0.029801324503311258	0.029801324503311258	0.052980132450331126	0.009933774834437087	0.006622516556291391	0.016556291390728478	0.03642384105960265	0.09271523178807947	0.016556291390728478	0.026490066225165563	0.026490066225165563	0.059602649006622516
1Q4X_1|Chain	0.15873015873015872	0.027777777777777776	0.051587301587301584	0.03968253968253968	0.11904761904761904	0.023809523809523808	0.003968253968253968	0.007936507936507936	0.01984126984126984	0.027777777777777776	0.06349206349206349	0.031746031746031744	0.027777777777777776	0.0	0.01984126984126984	0.05952380952380952	0.007936507936507936	0.015873015873015872	0.023809523809523808	0.031746031746031744	0.0873015873015873	0.011904761904761904	0.03968253968253968	0.05952380952380952	0.03968253968253968
1YPE_1|Chain	0.07692307692307693	0.038461538461538464	0.038461538461538464	0.11538461538461539	0.0	0.038461538461538464	0.0	0.0	0.038461538461538464	0.0	0.0	0.0	0.038461538461538464	0.038461538461538464	0.11538461538461539	0.038461538461538464	0.0	0.11538461538461539	0.038461538461538464	0.07692307692307693	0.11538461538461539	0.038461538461538464	0.0	0.038461538461538464	0.0
1YPE_2|Chain	0.12890625	0.0390625	0.05859375	0.0390625	0.09765625	0.03125	0.0078125	0.01953125	0.0078125	0.0390625	0.05078125	0.0234375	0.01953125	0.0234375	0.046875	0.04296875	0.00390625	0.03515625	0.00390625	0.03125	0.10546875	0.03515625	0.03125	0.04296875	0.03515625
1YPE_3|Chain	0.0	0.0	0.0	0.0	0.1111111111111111	0.1111111111111111	0.0	0.0	0.1111111111111111	0.0	0.0	0.0	0.0	0.0	0.0	0.1111111111111111	0.2222222222222222	0.0	0.2222222222222222	0.0	0.0	0.0	0.0	0.1111111111111111	0.0
2AYW_1|Chain	0.13063063063063063	0.03153153153153153	0.04504504504504504	0.018018018018018018	0.16666666666666666	0.03153153153153153	0.0	0.009009009009009009	0.0	0.036036036036036036	0.02702702702702703	0.0045045045045045045	0.0	0.0045045045045045045	0.04954954954954955	0.018018018018018018	0.0	0.0	0.0045045045045045045	0.02252252252252252	0.18018018018018017	0.04054054054054054	0.03153153153153153	0.018018018018018018	0.13063063063063063
2ZEC_1|Chains	0.1322314049586777	0.01652892561983471	0.07024793388429752	0.04132231404958678	0.1322314049586777	0.0371900826446281	0.01652892561983471	0.004132231404958678	0.0	0.0371900826446281	0.05785123966942149	0.01652892561983471	0.008264462809917356	0.01652892561983471	0.028925619834710745	0.04132231404958678	0.004132231404958678	0.004132231404958678	0.01652892561983471	0.03305785123966942	0.11983471074380166	0.04132231404958678	0.045454545454545456	0.024793388429752067	0.05371900826446281
1SYN_1|Chains	0.11406844106463879	0.057034220532319393	0.049429657794676805	0.053231939163498096	0.08365019011406843	0.03802281368821293	0.011406844106463879	0.0076045627376425855	0.019011406844106463	0.034220532319391636	0.053231939163498096	0.0076045627376425855	0.019011406844106463	0.011406844106463879	0.045627376425855515	0.049429657794676805	0.015209125475285171	0.0076045627376425855	0.015209125475285171	0.04182509505703422	0.10266159695817491	0.019011406844106463	0.053231939163498096	0.030418250950570342	0.060836501901140684
1SQT_1|Chain	0.11065573770491803	0.02459016393442623	0.05737704918032787	0.03278688524590164	0.11475409836065574	0.05327868852459016	0.00819672131147541	0.00819672131147541	0.004098360655737705	0.02459016393442623	0.036885245901639344	0.012295081967213115	0.028688524590163935	0.02459016393442623	0.040983606557377046	0.02459016393442623	0.020491803278688523	0.004098360655737705	0.004098360655737705	0.040983606557377046	0.11065573770491803	0.03278688524590164	0.045081967213114756	0.028688524590163935	0.10655737704918032
2P2I_1|Chains	0.14696485623003194	0.03194888178913738	0.06389776357827476	0.038338658146964855	0.0926517571884984	0.03514376996805112	0.0	0.012779552715654952	0.012779552715654952	0.038338658146964855	0.07348242811501597	0.009584664536741214	0.04153354632587859	0.022364217252396165	0.03514376996805112	0.04472843450479233	0.02875399361022364	0.03194888178913738	0.009584664536741214	0.012779552715654952	0.07348242811501597	0.02875399361022364	0.03514376996805112	0.04153354632587859	0.038338658146964855
3BIZ_1|Chain	0.15734265734265734	0.024475524475524476	0.06293706293706294	0.05244755244755245	0.0979020979020979	0.03146853146853147	0.006993006993006993	0.02097902097902098	0.0	0.017482517482517484	0.05944055944055944	0.013986013986013986	0.02097902097902098	0.017482517482517484	0.045454545454545456	0.05244755244755245	0.017482517482517484	0.01048951048951049	0.027972027972027972	0.024475524475524476	0.09090909090909091	0.013986013986013986	0.045454545454545456	0.03496503496503497	0.05244755244755245
3HL5_1|Chains	0.10638297872340426	0.031914893617021274	0.05319148936170213	0.0425531914893617	0.09574468085106383	0.05319148936170213	0.02127659574468085	0.02127659574468085	0.02127659574468085	0.031914893617021274	0.07446808510638298	0.02127659574468085	0.0	0.010638297872340425	0.0425531914893617	0.02127659574468085	0.031914893617021274	0.010638297872340425	0.010638297872340425	0.0425531914893617	0.06382978723404255	0.0425531914893617	0.07446808510638298	0.031914893617021274	0.0425531914893617
